15194 492 190640
13716 464 62085
1466 30 16035
5974 100 203623
9063 162 53044
3585 391 8189
13793 619 75521
19165 517 92022
7023 234 35374
7582 610 151087
3806 214 31068
4537 683 257873
8152 88 104277
1274 27 9304
1514 20 7432
4122 582 117443
2810 69 60191
5044 94 17564
2568 110 102452
2996 464 61147
3488 128 27111
1089 20 15220
434 20 5965
3139 237 114339
39922 63 181993
5104 56 115099
927 48 1317
5124 333 14635
7394 296 15706
8111 571 85429
15769 96 60411
8650 63 203581
1757 42 25549
7048 115 25963
16527 364 55769
6137 850 152407
16378 110 122105
7250 61 142269
6246 36 531470
3012 133 68631
3325 359 63007
9318 5 251817
3028 118 9624
5107 171 167308
1308 47 62752
219 5 1485
4546 143 11018
25130 91 513691
334 8 7425
13435 260 57898
1273 6 13035
5916 221 40970
946 33 2317
4169 229 94997
3276 47 75499
802 12 37448
845 5 41112
3129 71 82799
6603 205 31757
5335 358 132084
453 7 6223
784 7 55138
745 2 25079
2408 80 104008
4132 39 18850
181 3 4069
779 10 181419
2947 79 38720
1655 36 68030
666 15 5600
622 4 3956
283 6 31471
2469 106 285542
2621 18 39176
4086 117 44842
1874 63 42358
451 5 1668
268 17 9
5471 248 52773
638 13 6838
1745 47 87152
279 4 30591
27146 157 138324
3491 23 38272
582 4 1094
661 15 1616
1359 60 70287
389 11 4900
11282 190 995282
1383 34 12313
893 9 18943
2091 65 13553
831 10 50609
1317 38 30546
5387 60 60552
492 20 59456
709 16 8677
3426 59 31525
8643 35 158071
955 12 6116
476 62 36504
234 7 1745
292 6 9434
513 6 92287
5541 96 61182
48 1 10731
11126 143 47546
2556 47 17896
133 0 7783
245 8 25205
4912 49 110735
1042 6 11485
126 6 1239
454 5 49877
219 4 1075
1069 60 65274
799 30 198955
1601 47 92626
68 0 2079
163 0 22051
3570 49 4743
1030 14 761
159 3 7709
5652 29 438385
139 4 8478
314 4 97348
45 2 1965
379 11 36535
677 17 110359
121 1 61562
27 0 6287
1000 16 179267
302 4 60294
47 3 373
122 3 5516
323 4 14123
2142 20 309541
12216 673 48526
386 7 2139
3999 68 14025
341 1 29041
1933 36 12230
8 0 4952
346 11 4091
20596 1238 178797
749 6 39532
3431 270 176535
684 28 6563
20 0 3473
33 0 1310
7 0 2246
270 8 161389
3949 282 101401
697 35 46175
736 40 32585
2462 28 131511
150 6 6828
3085 15 472780
18 0 1206
3728 373 25976
2522 145 423298
322 7 93968
463 24 42563
3327 52 32295
3183 102 972982
939 31 15305
2334 26 23598
216 5 9236
1368 77 30546
189 6 6579
30 1 7461
2604 200 12220